]633;E;for i in {1..150};be97735d-b1e1-406f-a9eb-d8a0458407cc]633;C93
65
62
28
7
35
74
72
89
95
43
25
70
32
76
69
81
41
2
83
96
72
31
78
6
42
14
33
95
18
26
19
34
56
65
41
10
57
91
23
19
44
91
28
53
70
97
69
99
14
98
62
60
22
44
58
31
36
79
36
68
76
27
62
79
11
54
28
61
3
69
23
78
51
3
45
40
92
58
21
99
13
5
81
80
55
26
63
74
33
67
79
0
1
63
77
24
63
34
12
58
74
59
56
33
41
82
15
54
73
10
7
82
71
45
6
99
89
5
71
6
53
97
1
37
76
6
77
41
4
84
43
71
15
55
99
21
92
75
0
68
20
45
21
61
66
19
55
16
69
